-90000
-64804
-46010
7240
27254
-70789
-75529
-29626
-46298
-22544
-49429
-20726
57961
-27468
99611
-68230
-13596
-62239
-76745
-26143
81234
57799
36042
96086
95869
-21668
48267
-68675
-92711
80079
-49278
-90969
-8899
-14531
32660
-45355
65023
-22979
-62418
72858
-54870
27542
92682
-89826
-69922
14416
-91039
-80962
-42363
295
19053
-4847
-46163
-25636
-75239
72966
51399
-30745
-26296
20713
26235
79687
13759
43588
24870
82361
-16848
84770
-8335
-9401
43300
-77265
38671
67127
-90236
18619
47827
-95515
-31229
-98275
-74773
9579
70379
-72908
-72643
11580
-43645
6025
-50788
-37680
-85477
58320
-72025
-66439
5876
91470
-27650
69397
47182
-14316
61410
44444
49102
52393
26472
98009
-34292
-90682
9434
23606
44407
63482
-11926
18288
85477
-74770
46484
69545
62651
71235
-82545
-67940
16310
25239
-33873
45995
58451
64935
-4070
-44972
25569
45902
77604
-6078
56225
3756
-82742
39872
12759
-82846
-33272
-20216
72432
19385
22679
-38407
-50033
-81950
-50617
92328
-3018
-75176
7284
36301
-99763
-97375
66344
-38306
3154
-59020
31629
79802
-32290
-79627
-92915
-63877
-78000
32284
33416
54830
-82216
-5069
-29967
-81825
37410
-80450
-81786
58957
-49252
-45580
34602
-64004
58918
-24404
-42272
62250
58005
-86957
-24090
82457
79972
49434
-84820
-58933
-74568
23788
-75921
-10292
93455
19549
-33801
15913
-82364
-37986
-31063
50942
-68159
-13908
-98295
9773
71681
-5430
13968
-42645
-4224
5923
-26778
-98124
57474
95505
-21507
74591
-40963
23163
-55
93132
62117
-61672
-34273
26105
-31534
-82029
3817
39284
-62129
19207
32772
-40533
-95423
-535
95158
22815
28018
71941
25999
28727
18937
-36895
77659
27377
71880
32126
63041
-62157
-58030
74236
77691
10624
-53673
-67619
82546
54278
28173
-57502
-43979
76755
-75796
61009
-52906
83688
-27754
65304
-73695
76006
76386
-32245
37178
73445
-72252
48458
1234
-284
-12966
10366
-9467
81434
11605
-80382
-23277
41771
-50238
-39010
-68678
-57610
96948
-40146
80492
-27957
-46320
54113
91506
-67142
-62603
-83811
-10467
71622
-69178
-8960
-98140
-38023
50133
-55934
-90785
-37231
-37075
-44874
29343
76056
-22404
29039
-39000
-9711
-72165
-91905
32140
-94386
71740
-95397
-26971
60959
-8721
9498
-70034
68965
69649
42972
44094
91012
32337
85832
11939
-56778
72544
-77203
-20137
97597
-22923
94538
-91423
-85135
-45958
-59351
72011
-9033
-28138
63333
-48517
-98094
-17256
98445
-73167
-48301
-39172
-73567
668
-39380
26270
11961
-53863
13923
30200
-39803
-45815
-28958
-62439
8559
89677
66091
-65115
-18851
-94559
-49560
-67005
-68462
75410
-8160
-54233
-61260
47581
41094
86972
43496
-42522
-34580
75821
9945
-52654
-92267
-64240
-6568
-16575
15335
82159
-53794
-9941
-99457
81781
5356
35222
65695
30898
-73325
-67663
89794
89995
6992
81232
-80624
-40191
3663
-58171
18285
-23204
-34032
9559
40556
4659
41959
-29726
-43230
88155
75997
-56117
-52971
97194
-89355
77789
-89582
-76890
-56119
7557
55261
-39281
61329
59878
-51005
18182
-39035
1562
-4468
-22119
61467
-62009
-53875
23276
55850
32793
-51623
92037
-35729
67745
-84265
-62605
-87572
88714
-36049
-17252
31278
-83085
13279
88354
-54040
39726
-91670
-1678
-25989
-44011
-83217
-21911
53399
-81725
-11241
96418
24315
32886
-39576
99872
71448
-62081
-45961
83925
44116
97251
65402
95949
-52438
-93486
-66565
-49158
93038
84161
24745
-58852
22894
55910
-62455
58572
75188
-6384
-73143
76006
46185
-82848
-30283
-10415
17172
-92441
90051
-10003
-80193
87454
72520
-58601
-13830
-74756
-51762
-27685
-73287
8440
38269
-22281
78680
57179
-12171
-760
-57409
-91904
-35266
-40236
24289
-92756
-28137
-40077
-31458
-15100
48107
-39334
-91191
26287
34785
93189
42243
4617
-11694
-92863
-70970
384
-77226
-82861
8190
-64817
50039
-8440
-33199
67989
88775
-45990
-20352
-79919
27534
-30532
-69275
70844
27931
-43389
26588
-92861
97851
-25807
8511
68896
58376
98782
-46263
27796
-99240
46277
67996
29827
-69737
48680
-14755
-44052
-91089
93601
6077
87683
28195
-38905
-98477
29676
64379
-49607
-31515
-60906
51738
46410
-8634
-90830
-20245
28873
-10215
-49201
-79622
89003
71091
-31276
18783
54423
31519
60761
-60651
34062
-87877
-20766
-91736
9206
-21377
-20808
18253
31361
88606
23782
-11125
-24898
-17404
91789
-59049
-4484
98368
-33116
21695
-70506
-5764
-38128
-91268
-37600
-68569
-98276
46570
23661
307
68757
90451
-31878
-7622
-28027
4007
88698
-74885
79434
-66744
-19586
-29757
-93743
87810
20608
39975
-38348
32600
89485
25518
74926
10745
79502
31627
-74249
9234
-15183
30279
3841
2301
-73351
96445
-85107
-16426
-10210
-81537
76010
-56786
40033
59031
14923
53593
92913
-34265
24068
95971
84659
-42318
30753
-53409
46258
15347
21475
-40801
-25565
39979
-56616
-38721
-4717
17273
93334
27932
-57617
31521
60627
-17821
14320
-24529
10916
52035
-76191
-75596
66896
97668
-87282
-44241
9872
78257
-18101
40968
8422
-47311
-91618
-73419
-65257
33460
-65718
-19777
26183
32265
88504
-55841
37295
66508
81796
-58878
-13955
-41413
-47902
-87508
47112
-40726
-83412
-89992
82477
-54707
45961
-75843
31948
50227
-56517
-1267
-34791
-84654
-16060
95319
-31201
24125
-16138
19820
95191
78258
3222
5023
72097
10447
55020
-70715
-19683
-57115
10602
-7397
-54807
11941
52919
57991
55479
67319
-8170
-649
-37559
-88406
-38024
54310
-90036
-38010
-47782
60221
-53362
-72004
-60580
52822
-46498
57919
-63776
45147
-39745
-78868
-8677
50253
53768
60516
-709
14241
-69029
-71622
1077
10692
-15936
-87864
-79126
15168
-48931
48988
78069
29878
75796
45520
79700
79051
91641
85751
61488
25248
57390
-69197
94922
-88839
78366
-15132
-35772
-68993
54866
-26629
-49654
-41632
-24909
-9492
35739
70164
48989
-1598
-39112
-63301
51739
84364
-74841
62690
34693
-53387
-46364
-21595
14387
20850
-86043
-35794
-55651
-5548
-55224
-62885
-76783
89213
-63396
31102
76111
-88529
76937
-25666
-80956
-57152
-24803
-55078
86945
1130
-67789
-41586
87320
-89090
81154
76686
-68301
21177
27839
-23441
-8367
95727
69296
-5915
78077
53028
93391
39143
-18324
-97030
45527
63407
13907
55300
-87251
-73891
-90461
-53000
-80722
42107
64354
38339
41553
-52836
18279
23671
-99847
-63139
53426
20320
82266
21261
64165
18292
-59899
-92567
-35165
28520
-46895
11456
-79356
-23457
-27480
66613
17330
-54787
7275
91683
46563
6426
-1021
-293
-33613
38483
6981
-57016
-68771
54010
96641
57140
97877
22765
29416
-30173
-89530
38660
-59561
24797
86755
83364
40260
-1782
57132
-3087
-44540
53109
-7233
88672
67766
-42573
-31272
68714
43152
-6883
-15449
-7908
25092
55736
14989
17035
-88562
-39818
58482
-43867
-12643
84181
59397
-76765
20699
-78170
26641
-79781
-30693
-65944
46521
77426
-34274
-54893
11920
63727
6018
16560
-27561
-89302
42440
34597
35860
-68637
52992
15759
58443
28271
-53485
-25656
-52196
12428
12141
-50040
5688
-46378
66821
-34521
-12287
-72237
-32758
25856
-14466
-44952
79851
-30222
-57032
-81553
-15357
77056
86579
35680
79328
32600
82444
12204
99759
-75855
34028
-84952
-18427
-55795
66278
37926
64140
77854
-62541
73952
-25080
15557
-91385
-49202
-15227
86837
35279
69591
-16289
22518
-98550
99299
66286
-40826
-6399
-97457
-46452
54681
-2780
-24838
14467
-77567
53955
68220
59480
67562
-5723
-15433
70254
-38276
-37239
41029
4761
69987
-26633
-24431
-43264
46507
22529
-31358
67438
60292
26203
-4399
95029
84197
-42924
36155
-38977
88653
48240
-25774
83698
94629
59236
68463
-46529
44098
-70802
99266
1800
4486
-84594
-26166
74028
-91866
-36252
6687
63024
-54394
-38937
78125
-59701
59328
5823
27387
82638
20099
-84223
51433
-2898
21784
78149
-33735
-37905
55936
70756
-14397
-13137
81338
11283
76620
-71859
-1119
-38249
58674
-13836
-89487
43108
88190
-28537
-78614
-44970
31260
34411
53837
32075
47462
92395
34755
13147
-59556
82508
85533
-79435
-76944
92271
-77130
67479
89022
67228
-67595
30953
33177
-91984
-58577
-82441
35457
-55706
11177
48009
-29072
30267
-85637
69537
-87789
-55231
91919
-81711
-11242
27778
6089
-4810
-24936
-19121
1985
42388
32894
25060
71979
12240
-70813
7673
5528
55684
45101
-96216
-27691
-99582
21371
-99403
26481
-6935
-10502
-41217
81757
-85923
-39977
25410
-14933
-35162
-21297
-30330
-41991
94695
7266
2536
61223
41272
92069
-36285
28995
71971
-53385
26107
-43706
-77960
-59892
16998
77432
41293
-15131
-73641
-69010
-79914
-83680
55111
-71372
33436
-12757
-45406
44037
-46883
-39468
51116
-32265
81985
-580
-96370
-81356
85364
38763
41153
12002
-28
-64387
-13674
2596
-69095
34553
30559
-32710
-82836
55170
-19011
95300
58533
29030
3911
-64988
22133
-61292
58004
41024
86604
83498
29670
-17434
-12456
50349
-64973
-44085
-57188
40338
-29807
55980
40
86393
96957
85846
7866
-71431
21256
-96448
-59087
16662
21854
5590
-87958
85839
-86348
-70319
13625
19732
15437
-9087
-19450
-98091
-35414
58988
-45311
40694
-60596
59985
-31997
57631
45095
60549
-69373
-85329
68581
75007
-82255
-88240
97107
-83025
72306
38821
76588
6728
-89031
-34848
-42176
-7393
13183
-21071
92801
-22933
-5026
-93415
-55574
-88788
592
2973
45261
53161
44862
-37355
65143
-2927
-89016
-81309
99777
-84989
-41263
55873
-78538
23913
-30141
38196
-23652
32767
-63706
45853
-88991
9714
-63656
58542
73956
-22045
-49110
-98374
-51556
-85238
-27241
60004
-56279
-95240
-11230
16889
-23179
10037
-81717
58330
-67961
50695
45293
41938
60004
34196
-52553
-18426
47778
40863
-88571
-97206
19722
-274
40090
-45872
-96599
-61684
40764
-39237
-74317
-13206
79276
-75502
64149
-89823
-14591
19472
-12906
-89517
15648
-5673
86440
-84753
88858
-63995
16401
-93357
22754
-801
-64911
-117
65385
-24341
55535
46135
12440
-12966
-91324
-56949
-12374
14561
95268
19569
83683
50664
-20284
-28343
92016
-35109
78924
94544
25884
84191
-77989
39454
-69139
-49697
58161
-20407
-66023
24708
-19138
84327
31144
-97917
52036
70449
69223
-11888
-29909
50116
-34298
82608
9697
27137
-60977
-24084
28139
-91885
-93629
-94815
16141
39568
17875
-47307
-29806
29241
-40904
-61468
-21703
18268
84847
-71240
67772
19161
80788
9687
71230
21249
25626
12470
976
-39270
2405
85611
-7841
26943
2884
85665
-1154
5028
98190
5413
-2292
76280
-81448
69981
94786
62115
-90928
-94505
83675
-33938
-25735
77503
-9888
-82622
79491
72363
6607
93833
11398
96273
26215
-18703
76443
-93736
-48685
-67249
-42985
66315
17073
-10400
93797
-47446
-64067
69354
94143
-77477
11614
-31743
97801
-10754
17293
32805
1418
-44194
-84834
-84343
27207
21698
81069
12846
-75650
11876
40486
-10066
-70020
-57415
39280
18965
28059
65007
76151
31530
37660
-9547
-30380
90379
-48675
-44813
29916
48758
-37321
-95269
-76414
-47644
-8010
26007
76265
4623
17333
75490
32459
94549
43862
-84045
42751
43765
-41316
-71725
68842
28981
61925
53904
68612
-81882
23558
42762
-35322
53952
93189
-6422
8173
-88793
94445
59955
-17746
-73777
16210
55216
39350
-44677
-96798
-76723
-56996
-42400
19171
-54974
-11162
9065
85006
-70806
-77067
-97900
44552
-15118
-18162
4025
71801
29228
49669
73195
-53941
66435
62472
-41225
-71935
17289
52421
89353
-57551
78125
84857
91246
43168
59784
7319
78901
-51528
-45098
83793
-69714
-57944
6849
-72891
-51756
-83432
-32999
76167
22791
-42168
51745
91655
65841
-77116
-22525
-45281
78411
62278
78243
99772
-58184
17256
-73520
-55130
-76145
-42685
-42857
9709
16182
-83542
-76110
-73102
-10775
-93892
90718
75919
23002
-85782
-20342
42020
-32653
-64058
90091
-94913
-3913
-26173
-71764
-79193
-46394
591
-4861
17669
-28161
-822
63263
-93456
33664
-53599
-62147
-59949
-44472
-42740
-85606
-68931
-95042
39712
-82429
-90299
15883
-14063
30536
59608
-98526
16264
-97969
993
65119
-24675
-62460
91219
-27507
-93519
-59154
-66858
-6206
-66517
-52963
-45557
-87067
36877
-62528
-44546
78480
90290
69331
-41561
3792
36262
30581
-56611
40777
-61022
-52649
-31528
-90569
34978
84049
-98079
-11633
-60955
-69810
2520
-39484
-19967
89064
-93150
77541
-35680
-29809
79149
-11485
-79141
-35742
-90591
-94991
-65679
46816
15844
-33532
38692
78136
-72502
55994
-58448
-3844
23256
89110
-85720
67252
-17293
72361
-9872
-10417
-62230
-73330
30545
-16524
-85859
25420
38716
10999
39240
-91810
58654
34088
44976
-96754
-74724
89669
-66200
27133
59628
-78513
83136
-64448
75151
-15622
-22453
68901
28143
41213
-24884
11027
52752
-87734
-64195
1615
70582
-13352
-92485
-24805
-2924
72155
-23023
-47559
92588
85973
73695
-73971
79560
35078
36198
-1376
-4205
-88705
63539
2753
-77740
8661
84774
-31931
59720
31216
-85346
30640
35804
75459
-32188
87468
-6588
34134
-90768
85238
-26245
-77569
18171
99032
-82281
5551
-32414
81488
-20664
42728
95379
-97648
40109
-96180
-92136
-97569
-61166
-47151
45405
62621
66442
-96559
-95905
5155
42214
-26178
29939
99465
-33777
-48013
50737
-76351
31301
21029
-59781
74656
6004
-87176
2285
-85891
1456
-89746
-5725
38962
-61042
-70342
-92959
80768
-35938
-71117
-26909
47503
32968
-80220
-958
3858
-52414
87424
35904
-95159
92267
-40653
93168
45280
-26041
-5869
46341
-6027
-85608
-9419
47861
-31113
-31659
74460
-75127
-85463
-50935
71309
43652
54726
-37941
-44738
-31251
84159
68310
75308
-38853
-41568
49668
716
-54243
49808
57964
-94503
11043
-29193
-37868
81548
20556
-61446
13653
93418
-5588
15009
28042
-29065
-59078
72986
86708
-10488
9268
-41769
35438
-58058
-82641
-86382
-43769
-146
35263
-37648
87105
-49178
90878
89411
45157
92010
-59331
-97238
-97663
-35500
7109
3092
-78720
50266
7112
-27231
87076
-26238
65193
-48727
29346
94896
46757
8789
38105
-87200
-56356
-45077
33457
-74130
59648
-41112
16460
-34798
-79335
-83834
-69780
-76310
75378
10909
23649
50928
-96668
99750
34989
-56245
17916
96218
90678
28225
20171
77305
-75930
-49847
39243
-14554
92643
87358
3049
50863
35622
-30544
65524
-26005
52858
-26091
-21856
44412
-18989
-15139
74550
-61772
-17527
21795
-90340
62484
21231
-65985
28476
77296
70292
-99912
25876
50414
48470
-49769
20250
27181
88669
-3689
-64630
82690
-74245
-20424
60621
39709
-43682
-70542
64583
-4662
91632
24327
-64194
76244
99084
2225
78626
-39548
87964
63099
35261
23943
-41389
48684
-77000
21101
14788
69533
-51257
-59250
-77731
60076
-48206
-65977
3076
-66871
54913
-35678
-69235
3182
-36156
-17005
64085
-34325
82876
10015
24382
62815
70057
9496
-52985
14531
45745
-11389
-46394
65632
-4118
-32166
88133
83361
72644
-18196
-18185
-2621
17302
-61790
-71083
-54616
-68029
-43426
99546
-47285
43145
-95236
78679
-90098
-17946
34362
73011
43888
3367
96500
40579
-26406
-14002
-39928
97282
-77096
-10017
-79720
51757
-59995
-60985
-40083
72958
-1250
-13398
74872
-83390
-68071
97095
82165
-35303
67855
-22902
-18135
-90550
47028
57967
-29430
-82495
-24664
-14770
47101
61094
10053
-49721
-49095
-90918
-13479
58122
-82037
-13616
-21842
10947
2420
91910
-33468
97057
2733
-45153
-52384
-6910
-76661
6239
-79747
31805
-95684
30210
94625
3339
39857
17977
4939
-238
91798
33346
59720
-61744
31932
95651
-29595
-95008
27928
-72574
-76097
80172
89317
-94812
28598
18928
-78492
78656
-4736
68902
19844
-18433
-24870
25044
58652
-50733
74264
89966
19092
-38095
-77730
-9560
-55388
-44628
-4249
54365
33396
17135
-42238
9493
-32989
-61865
-34274
-95370
32548
43051
-73862
62602
-28030
-93447
-70402
1449
65796
85006
-58584
24515
60075
-34415
4191
22732
-44840
4860
38244
-26300
58122
5368
98790
-23454
87430
48085
-70092
-23844
81231
9699
63821
-78378
59029
32112
-26733
-9691
97770
43549
45406
25022
-64913
3679
-19859
-88513
18317
22800
42488
45786
-23969
88623
31329
89562
94829
-96390
-15864
-10989
22804
58407
-88323
-64533
-19263
-4486
-33647
-93954
-12900
76229
35973
86706
45441
30210
11876
-93671
-35415
838
55021
78716
-8409
-33565
-86232
6218
-4913
13085
61977
-61347
-25103
-57722
-39534
80613
37443
58105
56995
-97805
-49892
-13137
45549
20580
-40419
-56127
90453
33960
-39254
44986
7508
81838
-36010
81048
-76950
-89874
-62243
864
37298
88146
-55158
81755
-44399
-45630
5625
-29712
78280
-39925
-82441
27487
-81686
-13589
-73211
24664
-10201
-76485
-84484
-14474
11462
12985
54026
-65637
52145
-42895
-14630
15528
34602
82184
-91694
80281
55004
89829
-77834
17404
-95284
-73156
-63638
-4916
28142
-12232
-61676
78446
23508
-55739
-57696
1671
31937
-58505
-43107
-93384
92892
-92710
-36220
94391
-27712
1111
-31591
96523
-93776
-58625
19434
34019
93608
98231
77365
-77612
-29554
-52415
47975
23086
-89592
-12125
-88834
-49735
69351
79541
29711
-66543
-97280
-20212
-98780
-74789
-85284
67583
-76163
163
28933
67986
61687
-11692
-47999
74439
523
44115
77595
63229
65709
-43720
-27620
4034
-17772
51689
72985
46269
76121
54741
22438
-13071
-38855
5386
84008
79215
45429
95924
7560
-21029
-58663
-82509
-35772
-68008
5209
23575
-8609
20115
36054
-62917
92665
-99927
-22592
-94661
75897
96694
-59690
-1965
85990
-29445
79178
-27819
69397
31531
-50304
35527
70781
-20206
-33420
-93993
-67162
88930
14778
95227
27008
-15524
17889
-40023
-57328
-95528
-98703
97136
-83643
-94031
-6444
-57742
-97559
71567
86673
-86082
-99213
-13230
-27341
-23410
-23559
-17321
17864
99098
52994
-18005
35781
-13290
73082
-29430
-4409
-56433
-52033
-77934
-82636
4061
-83240
7049
42368
-6394
-84475
-7673
-75700
23024
2673
91522
-77976
-62528
-68540
-50828
20729
1043
29013
2283
-4234
-31145
-48451
94573
81484
-55992
8902
-69691
57058
5571
79235
4398
-73481
91592
41913
-73317
-49946
78865
-5381
78305
87436
-42295
70803
73922
-69184
29099
51484
-49769
11585
-55176
-66387
38361
65774
47828
-89424
65548
-15762
61182
-44784
-49144
-44177
-16150
18192
48357
-22260
-99331
-78471
16514
27080
49508
96364
16370
-98057
-77870
38165
-32828
-38596
-2988
-36224
-87122
54637
-62894
-53115
-45099
-22829
-96476
-23457
-49284
24589
80526
13019
96838
-1132
-57766
-73492
-77335
-26920
92305
-57061
84082
14538
-1835
-17829
-84370
91123
-94882
6075
-57412
98945
-60273
53236
33901
37218
-53836
-98526
85141
68873
-21861
-17264
96113
89486
42444
37036
-97100
-25870
-70107
49753
-46160
22016
98263
-31645
-57634
50126
-24265
1422
-39286
47843
65793
-7481
-7522
-12685
25328
-70980
89480
17221
90419
-38969
37515
-37835
16588
-12155
-7393
-80746
72842
-52155
-91898
84719
82337
-82211
24941
38886
-49181
58582
62394
-20101
-90339
-26809
-87944
27627
44688
20031
-72803
-72587
91467
-85284
28340
-44872
-68510
68216
23147
-3909
85005
3587
-88261
78471
-73953
-89172
-23441
10287
90144
29369
-61484
99696
63562
11575
73020
87347
20061
-59509
-29074
38447
97503
-51802
62061
-59157
-3405
-69865
41507
51169
69077
-92614
-62101
34750
92592
43726
79096
-97978
90460
94181
-6683
-89643
-713
13748
-76711
-59648
-47777
53898
-84906
-73062
-77303
69662
-26977
38227
70081
47361
-16892
-40966
-8066
70066
21579
-61790
81377
43920
49597
64419
-45110
-90710
47178
-20488
-62825
24562
-2599
1990
44602
-87023
19504
-83844
-93450
77844
-40835
7701
-53834
-28669
-2241
-18118
-73142
-64814
75668
-36731
30207
90993
-68705
-87519
54745
-21762
-11115
78925
-92433
-35622
-63387
-50561
-70556
-74407
-73406
-87899
80253
-7853
-39154
-97274
85860
82392
-40668
97608
-64072
-47936
-10238
8778
87823
-47457
26129
82865
-25015
-70632
-89325
70977
-75694
-9079
-22040
24033
-3789
-68188
29693
82689
56853
82909
-55342
-43049
76052
33855
-68763
-58172
-85316
57946
21568
-72938
-58269
-47017
-36644
-54874
86243
55084
-44303
-75870
99634
-90390
-22885
-66139
-65377
55347
-18838
11842
51242
-87926
-18682
-9760
50497
28547
16765
43455
-69101
11545
-28949
-7847
-28717
27742
-24507
98723
39051
-13619
-82622
-67662
-16038
-41413
94630
46779
-47732
-16340
-1364
-88077
-70444
6850
42511
-38507
71528
69264
80373
-61566
-97287
68237
-16263
-84094
-84402
32613
-90861
-3928
-60228
31145
-90330
-21804
-49724
-42587
-48794
35731
42057
-18222
52004
-99935
77612
-70558
-74504
55246
82310
12089
-54902
7997
-59711
-4932
81341
88457
69715
-73855
-50120
24515
89
74854
-59503
98519
73356
-1795
44952
74701
-79966
-63387
91134
-71765
-3773
30324
80673
73655
-29722
-88304
62261
-69415
32648
-54115
-58928
-58849
-46519
37840
-99183
92443
-53917
-49245
20590
37479
-37113
-7327
-1062
-50871
88470
-19423
-65137
-30095
-46216
-753
-67587
-60001
-41379
60069
83023
-6239
52238
34426
-1770
-52742
82543
35569
-80172
92447
-3181
7826
69799
-18917
36604
5493
-46447
-39598
28334
-32422
-57312
-76190
2734
-57130
-24898
53093
-38500
-19096
-4585
-2541
87914
95914
99362
-18811
-49096
59491
76431
-20972
-48178
27257
-18612
52064
98805
-50620
65331
-57556
-14478
51325
-7597
33831
93600
-55211
-83239
94982
-47127
26722
87258
-97396
13664
3700
-88064
62891
-81474
-51834
16976
56516
-86024
-86960
-75244
-16437
-44231
-78471
-21207
37638
68865
-59734
48871
21236
33946
-33090
-18712
-67510
-87566
-2219
-39049
-9576
7386
55176
27991
26443
-28454
-85065
-59923
30731
-21778
-13571
96395
56261
92194
-74619
5529
85187
59077
31030
290
5686
60557
56074
376
14934
-61561
75196
29189
48288
-80392
-22944
-52560
-19330
42837
-17268
-7448
49157
-72100
30964
80336
-93864
-87986
25428
-96121
30761
46281
44230
12755
4256
-95419
72883
38761
-83308
-63765
78054
77339
-95178
-86003
9468
-97698
-59571
95750
6968
29431
-94053
47599
80051
-61886
21407
54651
-6480
-97953
7604
-40144
50126
-59014
83863
-49277
28566
69556
-82875
67406
66676
66355
59203
-94160
-81085
67651
-68937
-27199
67585
53607
83764
21936
-86046
15616
19091
56508
-1088
56153
-20420
-37109
-83217
-47219
-31804
-70038
-92497
14933
-69199
-43678
52347
-59406
80984
98355
-81794
-89165
-7001
3632
-11739
-16220
90111
72886
-94321
60371
2489
-7094
-13535
-20416
62346
94735
91959
80992
24321
-64736
75829
-38258
95405
85648
33851
91599
-4005
-34053
52343
44672
1852
61897
-74860
-91810
71398
86207
28816
-63694
-25743
91521
-94421
-31977
-46974
-14552
51835
-59671
78372
21756
-74724
-89076
-30767
-45682
-44987
11670
45969
-35723
-51273
34586
61754
38243
-30514
16914
-61483
-71197
1146
-46808
-21151
-66127
-75001
79585
-82831
-20427
-71145
89127
90352
52702
81074
43121
-92027
-33705
-70604
-32623
-26095
35945
-9435
86489
-9835
-72019
-95450
81643
42417
-64660
-94586
52892
-35897
-52971
-94412
60805
33214
95322
-68657
-10394
-85725
71399
79194
-54794
67177
-77313
-52917
-68405
69201
43125
79618
-31454
-71131
-55675
-50793
20172
-72482
-40947
48140
-11082
-76123
-3349
15905
-99565
-3721
34548
75335
-56216
-31263
64589
91500
-71565
16427
8426
51381
45433
-14255
91937
-5558
20203
6828
64618
-38070
37300
94064
26421
41248
39586
41038
74536
90733
43374
14074
-54028
-76699
-28247
86983
99475
-21514
-84411
-32659
34016
91554
89918
33005
22034
-93138
-42781
-72245
-80426
42482
37765
-25862
-84087
86481
-23621
38294
93391
-83133
57614
35595
83603
24526
-85880
89683
-80997
84052
-49580
-21092
98502
19269
9490
72519
15973
38516
19386
71821
-24588
32135
82858
91644
2036
69129
-92147
1439
-27994
-82534
-89430
-18756
43557
29574
25670
-1545
-54112
27570
51767
39316
-73932
71474
-66873
-42022
91810
34040
92161
15059
56946
-24984
-72805
57647
-82461
-7097
-24769
-77560
-84467
-53743
49336
45952
65877
70697
77942
36486
59341
-98901
40253
43960
-39962
33437
94000
-15326
88082
-19067
-46282
34213
-83846
3860
7943
-76749
-16103
82688
-5483
3895
-3852
21999
61465
-85615
-95434
-31601
79160
46655
80299
42050
57234
9879
-17767
51575
-11224
47665
-50569
-59820
88359
-50847
34763
70351
23765
22369
-94621
-27364
-17001
44942
79471
-94591
-59748
11977
-19079
17541
-61654
42622
-43581
18502
4483
-6783
-43908
-96406
93363
62484
47262
-99666
65785
-86331
12711
-83238
-31600
-28300
-50959
86677
-30119
1907
65584
-65323
-52442
-13242
38536
97710
12901
-8887
-68791
-90548
10279
-85199
-98424
-54724
-33908
81642
-6757
-83868
73549
-71136
-26512
62803
32230
15066
38794
-18509
79774
15296
-62758
-74213
74996
22013
10294
-72191
81576
-34817
35320
21965
-40093
-10533
-27914
-31096
29827
-62706
52953
24755
85639
4127
-17060
22004
5332
-47264
-65885
-80085
-91358
51219
52085
-89372
-36538
-42840
45464
18597
79900
-42972
84872
-89626
-5168
-90594
-7981
-41824
-28983
-5212
-32236
86142
31731
99450
5642
752
49704
5506
-236
25375
-40325
8823
49931
49019
11360
27219
75004
-28177
-47557
-77359
-96384
94006
-43965
21389
-47174
-87033
-33069
-93177
5165
-73940
2893
-2682
15927
42161
-12245
-60263
22638
78711
15908
-75144
75734
-67352
-51337
-74294
9532
61892
73622
-47936
49649
-63206
-58126
-66466
11878
-81005
-59553
53210
51233
72169
-98395
-63203
89818
54325
73954
-45082
-91404
-51227
4063
97230
64731
-21684
84781
72870
-74
16851
-62533
-70532
82057
35085
-90312
-75587
-54037
64105
60127
-67212
-90466
-97024
-94492
39152
-4528
22670
42809
77892
34349
-52226
24125
-12248
-18785
46046
-11518
-71363
57315
-9550
13817
90606
50889
89316
70780
86450
-26936
-16167
98424
35182
-52741
-31266
-75979
-39882
-82948
75521
-23676
7924
49308
-10372
5124
87009
-63428
95949
-86000
24241
-89973
6497
-56056
8780
52316
45742
-37317
29558
3682
62624
-46354
-80369
3723
-71701
6156
-54858
-14217
90687
-66711
-67063
-6764
11994
-84364
99656
78872
2935
64057
37528
-80359
-14748
-96623
-39773
-84084
43825
66407
-19748
-42152
-99964
15207
45792
-46634
-93622
44868
-63304
-30360
-18616
65446
-22533
6579
83087
-36305
14673
-67078
-16498
7337
3922
-75176
99137
-86514
-23476
-88934
67080
85555
87652
80054
26514
-98351
90323
-18772
66040
63345
-942
-85000
-25882
72116
-64495
72049
-47244
-39556
16096
-33086
35795
-35205
72049
14338
-94302
89238
71732
-79951
-23904
-51595
-57118
1489
-54212
-46167
-65450
69790
-65655
55611
-61355
7020
-17971
2509
-50386
-47331
-40456
-58641
-29699
-89605
-29326
-51967
39177
11192
98381
43776
-84019
52415
42714
-82833
65364
-54346
-66601
-36126
-97411
-31533
22662
20010
-76386
41752
-18599
-69096
46789
-46164
53769
41712
-7270
88792
5637
-30100
-90208
16474
52744
5673
25626
97769
-57597
82866
86154
-98233
95482
-1560
-87019
65212
87531
62922
81410
-56460
-40280
-98457
-5087
20599
2118
67805
-8568
66176
39150
19404
-27335
58813
-40560
97373
8799
-990
-87304
-37783
-74313
-27670
19257
-55289
66380
-34388
-56699
87477
2970
13654
-65570
82529
94612
-2872
-14937
26133
-36479
22287
-30764
-23170
-77119
-98628
36865
88855
-94610
-8543
63390
85751
-62818
76967
-249
8243
-42556
54799
-40783
-21391
-40010
5315
-77376
67146
83081
97112
55990
10331
-24040
-67869
46983
-96919
-78812
-96075
-43448
-24210
65493
4404
-443
23684
-6625
-90793
-40399
13677
22336
-71043
39416
87485
-98075
91051
17009
-52572
-51156
-95072
38959
-24100
30085
49303
90295
68459
-79887
-88295
-19317
-16875
-56019
-41860
-46299
53026
36136
41339
-61568
-56121
83695
-85901
-18353
-40204
65321
76664
-44079
-48583
22270
-96302
-10628
88086
-24108
85399
-65770
-44771
78961
29670
-88797
89990
7940
-53315
21881
81295
91135
-67848
56559
33230
28189
53351
99508
11029
85505
11978
71867
-66752
72447
35308
67156
-21411
-69453
38489
-35306
-72711
-54065
-6084
-27207
91971
-99405
47258
-59136
-37473
-38411
-99163
31123
90122
77184
93246
26027
38629
46296
24074
31334
-88672
-20101
-25104
-42758
-10620
-43293
-99988
-44410
38876
31465
-90221
60996
45313
84547
-44509
-88165
64577
91822
57158
2385
11564
31527
-29788
68766
-13318
-30126
17057
-75685
-67364
-58754
-87174
24345
-41250
7360
-27209
16207
-21835
-74244
-35378
99115
9899
11842
92564
94089
31524
-21292
85216
10561
-17653
-35066
-15426
72731
-28898
98878
-68723
-21218
-66220
59483
-24906
35974
-53721
-71694
-31543
-56429
-83199
94772
76021
-97858
-89465
3243
9124
-40377
50940
56035
-68175
-64023
-63020
95717
46407
-94481
32406
14943
-43945
77664
10412
-10401
-67659
-11370
24010
-78786
-89520
-2771
50617
3801
-54452
98390
25983
63803
29054
10635
22829
-28713
-13181
-19427
12677
78192
11005
-29271
82309
81947
51180
-75287
83156
-48292
69028
66790
-88440
-57682
-15440
-12853
63250
99935
-88956
79254
-88057
-67433
81111
54695
98891
-92231
62309
-82117
95644
46305
-19905
-37582
-42760
7502
57933
55052
-33556
23513
-74846
-13902
-53573
60771
59706
-49231
-27737
33294
28947
32961
37279
-95646
5220
47043
-3260
97167
-8130
51402
71961
-62702
87742
-86191
-31096
92336
6892
92298
28555
-22305
-24716
-56362
-3971
3140
-3649
83920
-3906
-85417
-29076
84035
-89540
24227
-46096
75516
-18651
-78358
73543
-13317
-46234
-82010
-17003
93955
-44322
59881
-12706
-10031
9444
-32282
-6114
71721
-50639
-12216
-91513
-78901
-660
-97408
-49899
6597
-38255
59612
52943
-59486
-25924
-51053
90652
73920
31000
-5667
-84354
-8129
-32097
69695
-42704
33941
12492
-24604
15896
-45121
-21403
9255
84009
-68782
86750
-5906
-78183
-54160
26284
-47760
-26439
-19178
-84696
21142
-19466
-77743
-60069
24831
-93654
26512
-87700
15774
47328
-46571
-12637
35839
23267
60294
45785
76583
-19007
87776
-16898
17048
-52831
41099
9799
62835
-88066
-97592
67506
-92040
15295
78022
-91209
51241
70325
-73516
81357
-64178
26032
-34447
-88555
-12143
-95938
-42880
89959
-42039
34433
-92584
184
29012
-63380
-80201
-90331
42204
-80358
78358
33950
-64259
-37685
16727
-56782
58813
3643
-20261
-71054
27129
-18271
60016
75909
87329
-13119
29927
18376
-806
43758
-80956
75551
55554
-88800
-37681
-6947
-74800
-11411
-64632
-89844
60760
-31320
-93961
21017
-45650
-64877
92385
-74401
-87005
12865
-10985
1102
-56341
-83763
13992
49079
22047
1136
37558
66104
80029
86787
-72538
-38913
27917
-69550
19505
53564
-34625
-87655
4760
-29593
46704
16606
55924
86059
99244
-77782
-2773
-32594
-52723
-48411
18943
6142
21601
-48755
4224
-41895
-14359
-93933
-67934
-25128
61246
55250
-94167
-14534
23119
73773
-17984
78473
-36667
-34429
-15958
-70293
18631
39185
-39856
-7416
20633
31717
-79944
-5038
34719
86459
41686
-14923
60992
72246
765
-22819
-95706
20732
-1682
46751
95649
-99538
-64879
-97467
72491
-16317
50497
44537
48134
15360
27970
-1652
-16382
-40042
-64818
-32796
-48805
-64424
59404
58304
-31426
37143
-67102
3881
-73364
-93157
10529
73720
64952
69633
3167
95870
30506
-53972
75299
-1645
-5882
94825
3704
-78722
-45594
-9053
41316
96894
87428
-84929
-1549
-73485
-91628
32597
-99348
-54292
82702
86412
-23387
-43122
-4983
73489
30898
69661
87299
35188
-29511
-91030
9661
-80865
-48223
-87015
27267
-67085
-83927
-10546
-7862
-47104
-58731
89780
80177
34209
-64638
-98583
-35542
-56461
41563
-60982
882
-49104
-52700
46742
67964
-18901
5428
75585
-16020
7914
63168
32792
28798
13787
88209
55691
19463
47157
86872
-38244
23316
-46740
-61864
-24797
2799
90128
-48191
22715
-77504
68803
6173
66061
13455
95829
-96669
-80586
-21465
43390
-80279
97304
-3818
30839
-31433
18810
18386
-90443
-14025
-26275
9910
55683
20872
-58084
1705
-4165
16433
-63362
-58209
13344
-8398
-22884
9017
-70821
-11145
-73431
4872
-56816
8550
-73437
-67153
45981
30231
-25003
-35354
61743
-92701
-5178
-36581
-61376
37461
45378
-81613
-24591
71550
84162
82990
-78017
30501
16058
70184
-55387
6618
-48448
5307
52814
23211
84372
70210
78518
-18384
-91632
60473
77276
84161
493
61568
9510
-72760
32239
34494
8337
-50447
46703
77666
64914
52158
76611
83589
-21682
-83146
48779
-28757
-65677
-89859
-17509
97385
92401
11967
-68800
68128
-19879
-95738
-77903
-1113
-89776
-76756
-16556
-91129
22895
39082
-47191
-44321
21115
51854
-59369
5992
68092
91083
74065
95379
-90052
-42453
56485
-64177
-2083
-37217
48289
-35482
-89385
-51017
-17822
62791
-2162
61100
40058
72030
-15668
93083
-40835
71839
-12000
-13811
-36248
-48989
35410
64177
-27537
-93271
-10943
58859
-43358
-89283
19228
-43515
47163
-94026
47161
45379
-73722
-50024
8341
85909
79405
51290
-43927
-98138
-41249
-82621
-63323
-61742
47261
-93586
59915
-60364
85153
-57748
-61525
17948
-8469
8072
82295
86624
66729
7141
51970
70538
-57598
43140
-33254
95279
-36033
8674
-78850
-76321
-41962
-34434
-95426
-11976
30229
-23688
82222
-46059
86504
65493
-29626
-88796
-77882
-89185
78425
18645
-59138
-71958
75952
37999
-40806
-24911
12675
98877
78893
-39138
13907
-35803
-68674
-1304
27750
-65832
-28591
-76649
60704
76325
-80882
65699
46907
-31447
-15983
-73798
-48669
40609
-90931
78241
-42831
-23392
-41443
97778
24833
10779
62633
54339
25458
-1822
-64591
-21721
-73095
21225
-81991
-13810
-58846
19269
29585
-60856
48549
19378
-67200
-23706
-21023
-27760
-57395
-7487
-45320
-64721
69865
-36588
82630
66303
-18244
-87996
-17922
20970
51978
-53823
91299
-27587
19522
-74428
80416
-69759
-51869
10488
-88186
-30680
-88565
565
31392
90595
93598
7079
14963
56273
20623
-83059
-97641
-31983
-51826
29406
-34516
19384
27726
17670
-15813
18526
-82318
87117
-94549
17427
59667
-15335
44125
19631
21744
-39286
49956
-71865
-75277
37443
57380
-12164
-83172
-26423
58502
30957
-99187
-509
14357
-92916
2736
-76575
42488
77006
93896
97049
-65396
-81860
-6573
-19891
91293
94823
95321
-85431
-95422
-6279
-93419
-50904
-11182
-80986
74300
-27370
29382
-18496
83694
68463
-4435
-41750
-91976
40262
36294
75236
-92540
-97405
93373
-5818
18654
58212
-79227
45384
547
-81884
-58482
-90307
-65848
-84232
-71388
-61600
91076
-8010
68964
-4409
25500
18385
-42789
6772
-1975
-51009
-61124
-59125
21447
65531
-87810
-93411
32764
-77978
17040
56226
-38909
50761
-21190
-2106
-83627
-63755
92113
48474
-56236
-26421
-31978
50219
87667
-8616
98093
6512
77508
-32936
66741
-67043
-56481
-43428
43336
48148
1132
-72378
3984
-87685
-946
-73040
86852
59816
-23892
-27412
-75650
5561
-42595
87078
89211
-42879
10416
-39322
-41362
-74915
-88171
-12366
97345
-604
99242
61968
-74007
78908
-60698
-51287
99684
94538
-7332
-72695
-76462
66177
-6803
-11005
63341
73436
-60723
20146
81959
54822
-78992
-88166
-78561
61174
-87792
36844
44287
-44039
-1186
47272
-27852
-95961
6018
66269
-92021
36376
-40495
95820
-49883
-26833
46155
-75541
-84841
-19340
91725
60805
36960
31616
-14695
-88514
11527
79249
-88896
34741
-38511
75198
81258
-79550
42332
57476
59650
-43362
71452
-43202
35200
-77214
-27601
-75085
-75884
-76952
31198
42058
95084
75022
-22350
-68136
63394
95065
-89999
6682
63557
3765
71604
81534
-32317
51354
87654
-76709
41968
-40949
-62117
95746
-43403
15993
71498
4204
42519
-68028
-12119
-12526
-84509
-64735
55075
14364
20596
-96618
-8391
13361
62112
14626
-38606
30637
-11067
65275
-75008
-63759
427
-56145
-97999
-1965
-74282
-26388
83086
-34762
-92821
21211
78804
96821
33852
-79258
-34484
-66119
-99278
36123
36233
3243
-13674
-64344
18942
-93886
-51716
-22330
-51207
-38147
-55604
43827
15872
-72275
-57490
4759
-89721
44970
-91182
-51000
-73014
54502
85657
98793
75917
13278
66723
45869
54958
90412
46966
-88007
-27101
1530
62407
-98904
-94250
-44655
67817
97896
-41062
69199
60623
6017
-43512
-2249
-60673
36662
-38021
-28958
10518
14468
83172
71508
4018
44807
-60790
-92758
1727
53628
19105
50095
-39135
-69855
55750
-14771
-28997
10745
75669
-81824
77786
-93140
82728
-73626
32834
54602
-63700
81107
77522
-5008
41441
96833
-170
-9469
77038
61637
-7703
47962
-22562
33629
-5243
-91400
-67013
78149
-50135
16246
47621
-17368
869
-93888
8335
-12
25989
20406
-99785
-9018
80152
-30414
-28480
-81787
-3876
74089
-19250
45322
-57721
-76054
-99971
36221
-76172
-14204
-4835
-49413
17129
-37627
-67698
32627
44097
-88484
77941
36432
-87365
-16800
-87912
-89392
-53667
1961
-5924
-55244
58502
-9060
-4648
68304
23503
-47355
58261
59970
-89827
-80099
57957
-28289
-76537
3114
-21156
47881
3934
-43195
-13840
25725
91101
45687
88041
-3128
-88786
70205
59780
78394
-73641
77099
-94294
16627
-83969
-24019
-44088
21625
-21791
45992
-95542
-73364
-89204
-66625
-57351
-42224
-97516
-16335
-30609
1994
30297
-98209
-84301
294
-58063
-28629
-10699
-93995
78133
-68483
-44697
14964
3173
-75169
83317
66951
-46983
-65144
-30685
-40636
11973
23414
-59390
-42484
47303
-11468
83215
-18571
-87024
-34309
-20568
-75070
-4275
52981
40684
-3916
77426
46940
61486
-48647
20034
23489
-18540
5123
-32003
-90519
-21678
91060
24294
35026
-50369
27061
-14225
44883
59345
95270
83075
-93663
-13958
-74513
-5712
87214
60574
-43915
56496
14955
-95313
14825
-74222
80815
9191
-11334
24266
-21584
-92511
-1621
-84527
3757
-88299
-36161
95226
38574
75758
77776
-97453
62819
-78326
-4482
-81356
96682
3469
54021
-81177
-73876
15330
-19480
13299
28006
-40944
-57654
89543
93446
58484
-13093
1728
-92437
30753
-58001
-83945
83215
-42160
54570
23850
-9727
18821
41304
-10715
-3894
44993
47769
-44275
73202
-74210
61177
-31703
17179
-39030
-93346
50701
-37878
-38046
-97765
60164
4230
64490
-74015
67609
28633
61735
97428
-97662
82995
-34342
-66244
-38038
3886
-77159
-69550
54042
67245
-8821
-10822
-40637
32605
85567
43473
-41622
14749
-80215
-9509
-4624
-54470
1595
99231
-23555
87059
-42724
-19761
-90615
83356
-7736
-48929
27526
5821
44356
15606
37102
84762
80508
58882
41380
77166
-68805
74982
-43767
40336
-32955
-19249
-26338
50712
-55084
13604
-41135
35035
99950
61467
5222
-81903
49631
93033
94595
93976
-92968
39249
5144
-7727
73892
-56546
96873
-51223
27651
59564
30009
61426
55077
-74592
-19883
-68305
-2940
60727
-12486
3503
-11042
-88580
19235
-97328
-90162
-9325
82291
-24155
-51450
33331
45756
91634
94699
18481
-31958
46100
43597
78135
-11120
-20547
16450
-34285
-22068
-97699
-5090
-88980
-62824
1053
-79088
61263
-7760
27717
-40932
-61081
-65572
29566
90609
-74293
-77287
-33871
-38682
-7566
-41176
38349
69590
-99135
79730
-98328
-68140
-23547
52054
79549
-92659
12476
-39279
-63276
-37639
65486
-30647
90175
28925
74329
79542
64064
82145
-98902
-87251
36232
-22807
-69625
-70261
-18854
-90926
1065
-80390
66190
-88790
-18041
-4189
11890
-500
-41843
74416
-55541
6967
79083
73660
-98119
58955
20426
86618
50168
-64737
-90278
63999
75267
-96319
-60921
-3187
-65453
29643
80138
85692
19909
-1506
-51748
98343
11929
26942
21189
59505
16598
-8502
48530
33298
48331
-93418
37284
8770
47729
6567
-66907
31936
-1235
-61750
-83434
93311
-54031
14929
-69948
39214
32514
-60437
22170
-58526
-75500
-66337
6095
7587
36177
-65563
-38081
2000
-39623
64993
20184
-69073
1058
-31619
42155
-16875
-16607
-65695
-61982
29550
-95935
-99758
-60719
-2198
90352
31972
93797
91653
95290
-79203
-83975
-40911
-56852
71592
23623
-59807
54362
38259
-63237
38516
-74563
94821
-18461
16252
-32972
-71361
-56381
-29013
-7637
79950
-59450
-99431
-69095
10890
58638
12213
-90717
33935
-37908
-65147
24414
20533
-99477
-69221
61938
50638
24647
-63978
-49702
18683
-34629
22034
32135
-25493
-904
98349
-94300
79602
40369
21815
-34763
-30207
-83885
47413
-57384
-13688
63507
4050
38830
-12315
-77985
-10781
95187
32903
-44298
53077
43208
-21084
92947
-5898
-12878
18515
68292
-7268
-14596
40070
44378
49846
-42409
55592
5433
-81427
15713
29391
20559
67190
-63517
-52130
-23134
37751
44533
-1030
5761
17235
43068
-17945
7324
62996
-79980
-71682
59568
-99020
-31864
-88755
7898
-440
-76610
-41525
29389
-67254
-82512
-38602
-45857
99905
99669
36235
-12035
-78641
34590
-92063
-3841
-34473
78108
-68189
-80233
-62584
10110
-57688
30242
-40053
77176
6769
64865
82501
42176
-54786
-70975
-78711
95666
55245
-554
-2083
-77740
-11472
-50841
-73625
66547
21578
-74910
83381
4588
-32026
69680
-31514
12615
-29325
-28701
15543
89469
60512
23244
73453
-11686
-49456
67946
75548
-6531
-10758
-24259
72275
76349
-9632
10744
-42075
-94234
42922
66132
-73068
-2527
32415
-10495
42651
-27663
-61953
21879
26328
1690
-96257
34347
51092
-51812
-19167
-17250
241
-5731
-68688
-1841
-93137
77924
-45739
-43119
76890
6785
-93927
70967
49876
53899
-8648
12779
3898
8385
-75618
-66466
-31818
97170
3265
-19879
35425
-42503
-69286
12979
20818
95231
24641
-80933
-29240
-19100
-69596
25045
88048
74712
-1821
-59454
45011
75044
57484
77207
-28386
-89626
68334
6704
-28977
74489
-3428
-17155
-85894
-77325
95296
-64102
55477
99912
89816
60349
23206
-70325
-96366
-81335
85095
-98027
-39488
99263
37779
-32066
74040
-4524
-34768
-62456
-37685
16925
-61255
64412
-10848
43110
64518
-14868
61036
-55645
17626
-44489
27152
-10754
-42615
-44757
78542
11535
90756
52388
-44695
-52886
-72637
85139
-90663
-71663
-79795
-21830
-87640
61386
17383
13971
-97364
53644
4311
23760
70561
-47917
-78253
-80002
-31326
85267
-95797
-80253
-99644
-57911
-87728
29958
9936
22956
-93089
19501
-4646
50882
-48626
-67967
-56766
-5552
74066
24111
95815
-99222
-50069
91624
-87037
53672
26348
18663
-44281
13049
-67093
6674
-81133
-27759
-96575
-91590
57138
-86850
34558
-643
28016
-25320
-9172
65035
-56647
99799
59262
34181
81872
-47681
-21866
-84159
-82840
-56778
-52240
50218
-65117
-82314
50926
9413
85156
60701
42112
99534
11027
-16415
21167
-25920
72300
32610
98887
3956
-6652
97560
-82401
79777
79834
-89877
2310
-84286
53014
-61662
-94516
94549
82337
-17805
77418
-34689
-58336
69688
44943
39309
51854
60675
23368
5397
-38348
-51128
57034
2235
75656
89145
-72545
93519
-55904
10415
-40853
-77164
94865
-8060
-57958
-4324
34664
-56579
81385
-8690
43972
62500
73677
30282
-86961
81653
22403
93091
51415
31406
-45003
32395
63309
90505
92550
89036
26712
-55866
18490
-68366
8983
18529
40453
11463
-31950
11747
66223
24310
40859
-55723
13664
-38767
-52633
-16241
89102
-92114
-67197
26606
26112
82540
-96236
31972
-96451
-50860
94639
63785
26518
-30822
-76302
80015
-56755
95106
48573
-79693
54817
58015
-94576
-87921
-34889
-46602
96707
18541
75750
87618
-7588
16502
83039
-48687
81872
29033
-49993
-44212
-33831
-2009
53331
70867
-80528
15274
48431
64519
95656
97558
53323
-82463
13863
75240
-76622
99647
42369
11723
95336
18943
-91982
32777
62191
12420
55160
48798
89974
-47082
-43957
-52503
16927
-33498
68730
-72836
-34453
53998
4259
-78574
71621
99127
47119
67424
72872
-35788
14952
30980
64621
78924
54359
46618
-94091
-62219
-79810
16238
-68561
4028
92623
-40053
43654
-70239
30151
87282
97002
15838
43083
10982
-69766
-65976
-40803
-21788
75531
69711
18555
-89487
80984
29152
-23788
-39221
-89978
-2967
-70040
78785
66321
-32516
35195
71006
37465
33101
-58187
-22463
707
4118
46937
-23928
16077
-27494
-79264
-14741
-17614
-44539
-85967
-59803
-24970
-35790
-35200
50828
84623
-65465
-16704
78274
76848
-80197
55430
-10684
58675
47480
-78404
-79265
-36895
2075
18366
10627
32609
-46503
85012
89776
21116
14651
-57139
41293
61833
12425
-17036
8727
93178
21317
53042
13494
10689
1358
16639
-6548
-9120
-58138
61574
-40474
-62708
-98419
-2859
-36939
-37635
84620
23870
-66410
-31915
-9779
-50355
-60499
82794
33511
-76635
-76847
-64590
81272
15161
-46784
48458
-65620
40420
-86477
88611
20570
78694
-52147
-4791
-69363
11132
89005
85073
90911
-61029
73186
-13793
51457
-43448
-88514
-10607
24984
-37225
-58621
93452
-75710
-60226
3835
-86175
78327
1684
-51164
-19941
-83638
58604
20551
-9561
-86323
-12472
-92695
61792
-65836
-29572
-5733
90167
42706
-17247
31276
99068
-28447
-73102
-91201
9867
-21795
-26042
-50569
-68843
7983
-40854
-5298
79882
-53848
98842
80005
-81568
-7165
92444
-69322
-46077
-55219
-32070
-98811
-10919
-31264
-31270
35509
66545
47755
80251
68311
97095
-16691
29454
10780
-43722
-75584
-29457
3980
-78981
89491
-22658
-64304
-84831
-53328
79006
43945
-73393
-15044
-50742
-14653
-63958
36540
6991
99108
-99480
-35307
25514
3839
-54158
-17236
67838
31973
51701
77612
-64078
22491
-83898
-64603
-40283
-42426
-70097
-55214
9679
-46589
-34853
66483
-89547
36371
-27687
58841
56776
93555
80336
4864
-94693
39754
-68992
81366
-16321
124
-19600
85018
-77634
-8868
69306
12512
-59344
33278
55023
90929
-84804
3882
72872
95310
93039
12524
73770
-21931
48306
-28152
-29131
-53315
49835
-17142
80105
-580
96435
-6596
14230
45576
39599
98226
82975
-97095
-88371
-23297
27337
-7411
33117
-6454
68518
17222
-36919
-36038
89496
-35730
92211
-44786
-59836
-35846
90986
-33846
6037
97805
54919
75724
-24470
26387
-88982
-25283
39709
22798
-47923
10531
-55055
-54099
17729
-42670
-40873
-69096
69901
85890
18141
-86903
65056
-73540
44468
83668
48495
-66065
91996
-34745
-5073
-75617
-9170
39788
-40335
-60035
75589
29867
56341
13073
-89270
-84340
-22932
-76589
42139
63259
-79570
-59238
66008
6436
6420
65132
-65398
38430
-73708
-52940
69167
-84060
-16521
-20655
82790
55774
-10600
56459
-75469
-50562
16699
66400
1328
-46361
9735
98365
92113
93224
81313
-32312
-31790
38501
-30233
22618
11007
22358
28166
-47542
74720
-80727
-68487
98084
-41666
-4477
-20322
-85575
-61354
-40348
-85002
61904
83994
-64279
-83911
38842
35678
-71126
78356
-44605
4134
63939
85504
-90043
4681
-21968
35008
-6442
90689
59794
94455
-14111
94226
-31922
73059
64786
40405
-82283
-69190
3755
-36511
63742
29535
45812
33172
30607
72001
-56113
92739
60442
-63663
61033
8188
-35068
-52002
46221
36788
-33503
-71602
-18734
-13294
-34885
-54725
-75147
-92841
-77518
-92889
-61055
-78808
-36163
-63778
-3862
8185
-82098
-60505
-63238
-84008
-57132
65382
93155
-53549
19034
-69807
-30157
-8569
-41523
98189
-54683
-94009
65306
3364
-69293
-69915
-34570
87909
25545
-73504
-39177
3801
-73546
17578
-11873
66845
-79364
-83564
32826
-70303
-538
47320
-94691
31675
-98311
-4925
17422
28905
86243
-78851
-86014
59490
-48752
-77258
-54783
76567
2844
63471
-96858
-51445
-44061
-88478
40002
72651
-13197
15503
28385
-61172
-54877
34533
84708
18529
71357
-74359
-53427
-79082
-74026
15877
10778
58604
-91329
-30832
-21048
-78032
80596
-96650
-86984
-90054
29874
45028
-52241
-65
-69371
94546
59128
-18092
-31682
-53107
43748
95168
68132
79648
-18830
62332
-77118
56414
-37943
88393
29182
-75185
-39007
29102
22154
-95883
-62718
-62707
-70221
-3975
37669
49313
-45673
-62281
24886
75927
50740
96099
-38149
-8443
75291
31126
-60274
93131
40515
57529
83078
-80059
-91015
66316
71028
23082
-97739
-73580
-56695
-83900
46537
-80865
-12587
14284
-55310
16565
-96726
22945
91985
-27043
-59297
7461
-67149
-11319
-84559
-94604
49100
29791
-43133
-51262
54979
87780
91398
48144
13479
93575
-23373
-44277
-36801
83144
84213
66049
63934
98499
-41243
20416
-99819
-59491
47021
-37875
-72285
65034
9165
-19970
-24312
-51016
10300
77045
81239
-99429
-86042
-76487
-69143
-5098
-95596
-28238
31823
-98109
77482
-60735
-67745
60447
58057
-26950
-78033
97685
-15595
-85249
-90784
-29659
38416
-51014
-79342
32625
3621
30710
79349
-10524
-29183
-50533
36543
895
62044
-892
1338
-76735
88982
6654
-67723
-9421
-3332
-23776
61466
40397
14889
96642
30688
15176
22857
6939
89047
75521
-21895
-28165
-77792
-10681
29386
15841
-92033
96705
-96987
95610
-20599
-96705
94856
61495
44983
1499
56879
-30071
53597
-26421
-82995
188
80372
-72633
-34887
84333
67987
-20399
39782
62121
-39171
-74202
-78389
-61404
-43821
92159
-42783
67283
99242
-16444
2571
47270
-73481
-53938
86415
-26970
-80281
16343
22338
-5978
-35252
-59775
46275
20585
-73167
24127
-51747
67728
-3058
22948
-26608
99198
37079
46406
-95575
46794
11759
-9970
-26034
2976
21178
-53664
1558
-76811
98895
-22623
17749
37732
8396
-67863
-18955
-72022
63045
-96889
56063
-9222
-56876
47211
-57863
28798
42580
91124
39722
34988
26217
31959
-57031
-68224
-70538
81000
-22220
95259
-91598
-64184
91884
92536
-79531
-96084
16317
-12857
-84116
38021
84907
93544
99724
-41455
36071
-29755
-59229
63614
17842
61772
-55895
6006
7065
87176
75894
69644
-79458
-14053
-63634
-46847
-91273
22426
76503
-48654
-49041
-74939
83275
-68958
97131
-22367
-4023
42656
-59961
-22476
58405
-14955
69215
-55331
-51104
-80404
-91990
-84147
68434
95646
-40640
-56730
-50236
15449
-99908
56238
-78502
85324
-76036
65455
68781
-52974
98821
9327
-11785
-25224
-63292
-77240
-55705
76524
-81169
-88349
48405
21701
75018
-59883
13072
52457
-15546
-64554
-33518
45151
-54908
84569
-40619
67122
1847
79885
62398
62142
90086
-97552
-35336
46490
37329
-95221
-9316
-52894
65067
-79282
-77108
-5409
9670
-42104
49055
-33643
-28083
60546
-38666
81834
-85462
-16903
-27475
-67922
-15672
10743
-21394
22859
60594
14797
-8161
67210
-29030
-35409
-48645
575
-28233
31084
-98306
-34093
21381
86024
-16454
19244
-53840
-55176
83335
-28101
-26741
-78727
71640
49377
-18438
90765
64552
-33857
8433
37651
-34030
85785
-68525
57282
13824
57893
-16260
91713
-59204
88182
16410
7654
79394
19968
15094
-76534
22774
98055
26833
11270
13586
78697
-59415
71180
-79048
-12988
94619
79331
65798
27909
8866
-40704
49415
3214
40829
-92802
-71067
-32701
-18961
47483
2685
78258
62368
79502
74187
-59620
63265
73576
-15420
5604
14349
50118
13699
10579
30346
94544
-27749
-48186
66223
-46382
-23541
97333
-15936
3156
-11825
-44512
18260
-32361
-25645
-44840
37912
-80273
57282
-1497
-1428
44216
31549
-34595
-64725
-97738
13160
90936
-27640
-38707
12446
76143
-63725
-98407
-93308
3931
95771
-14229
93755
-53310
-17170
-52255
29743
8514
75644
-73375
-77683
16727
-87846
92978
-99375
-16567
-55902
32566
1277
-28555
-8009
-58168
53349
1781
51046
-64338
49767
80751
-91160
15035
79225
3959
69828
21316
-3237
-91102
91089
-1028
93035
-14936
-67239
-61265
-4905
-21067
43866
44503
56812
12812
51878
-46242
15118
-80488
93930
96305
15489
39953
-40629
50046
-14045
-88825
-724
-20086
-47940
-97586
35532
91824
-62162
-9913
-66611
-51143
81223
67078
-26481
90645
-79819
-83803
-36933
-72972
-37287
96740
-80036
-85564
9204
65915
-39513
79879
57214
9855
-46693
-8752
-61739
83756
835
67545
658
12181
-76455
-700
-35784
94053
-13051
56557
-46522
-70703
-83902
66600
20268
-28260
-83615
-94244
-52966
-34426
-22040
-64965
-52429
-11566
78034
85085
-21280
-87373
-23814
76728
41473
45074
14610
-46274
15807
-4929
95053
90835
-22979
5425
72093
29994
42733
-90437
-39146
-55045
-91201
2318
-43470
-63198
58163
24741
81006
54359
-78704
60369
22609
87878
-32339
-48351
-34036
37003
-16916
-29267
10685
-58036
-56377
-88769
-79922
23218
-75774
-64353
77242
46148
-16704
-9670
-9488
31138
-63310
71854
-3888
63452
-48214
47093
-8494
84333
-49395
5483
55366
44055
24807
1917
-34443
25500
95129
-83344
-51545
59094
-27411
99019
-34626
-85964
80074
45923
-59840
71953
835
-99519
44338
-80206
30153
55921
-39265
70172
-89087
64746
-44168
-65264
-70095
-29995
26965
-40923
-93357
70652
79961
77568
-77492
-47856
59572
-2191
74870
70550
-4605
53805
91161
-38096
-52590
-27100
-6023
-4348
-39039
11583
-40439
95115
-60860
-25416
-5123
63864
-31228
-30123
-77059
6338
89315
-48894
-69515
7312
58461
-72246
-52023
45441
71817
-53966
-23578
1237
99199
51762
58036
36411
24660
-59504
98408
40631
48001
8219
35893
24687
47074
73410
-64798
27987
12826
-42737
88311
59367
-98221
-34557
31121
-27857
-14749
-72818
-57323
29174
79242
48747
50561
-95814
15960
59030
-81954
-47049
-54804
-8917
-44846
-25970
-65194
-39716
70930
71314
-57058
26383
58548
53488
54430
-57454
34978
-72008
8266
2300
79978
-31412
13392
-66335
-61261
5732
55130
-61583
-76021
45755
66289
94637
-34405
91737
78331
30663
14204
54910
52005
-52010
63138
5992
2459
32499
-21450
78977
65972
-65293
-24574
-66967
43372
-69439
88518
-14821
43657
22038
12967
28734
58398
-232
2439
-66614
-81363
-85684
18928
-94315
5095
60282
-24983
-59270
-87600
-56356
81899
51492
79678
3970
60013
86844
-31744
19397
10716
-57875
43996
11109
-93145
-13168
-58960
-51006
-23754
24441
-98951
33972
61754
57181
-38478
47559
-71905
7966
77588
-19882
-21281
-30731
-32260
-74686
95664
78651
-87445
-80048
19293
-15852
35239
64285
-5069
-51847
-93634
-8322
75794
60896
67242
19896
-93277
-6967
-39984
-8232
-74264
-94361
-92957
-87951
45806
51306
-92762
-98576
53536
33509
-16818
-60515
96566
-46559
-70651
28912
-66486
-58819
971
19854
47883
-6016
-4297
-70497
-95094
-16323
67164
62924
-15054
46050
13574
40602
-92459
69725
87652
96350
2977
-44694
84159
71644
79217
-23171
-12376
-36032
67071
-56055
15921
-5704
98552
93036
28817
-6036
14504
-3977
-80469
-18277
20373
90781
-32408
70611
-37913
90999
-6784
64205
72580
50033
-34024
3618
-98118
-92715
90822
92910
4694
86834
25392
-29248
-18543
59880
36690
-27526
15978
11411
99230
-92596
-92913
-85934
57405
25479
-57355
98739
-15372
46817
-4473
-29636
-94622
-16380
13882
-91112
-62107
45330
28479
-56163
28573
37370
17426
87478
18376
54512
45552
33778
29068
-45876
-40411
-5848
78036
72257
-58621
23748
-431
-19656
-69905
15987
90466
41224
62805
-35865
72399
23252
-16389
36231
-51346
97922
29491
-10441
40360
-13292
-99414
29823
76694
-71644
54942
71194
71685
-82240
-78163
-93219
68696
-48736
24712
80578
58381
-6848
-31162
88785
23512
-28962
-2347
-71510
8747
67538
-48501
62321
2263
-57851
96091
76502
-20980
54031
72739
84864
21692
85233
60641
57045
-24866
-69653
-60154
-60120
77775
21756
-63901
-42368
-74862
-60364
-84032
36481
6904
-71689
-95604
-85638
-1765
46288
88622
4362
83908
-85585
12345
-77329
22700
-20991
51839
-34196
41120
28458
65788
-36329
60989
12898
84979
-45060
66267
24361
60247
54705
-51257
-76952
17887
-82056
77672
45542
41596
-6774
-24318
25123
-21913
-29370
26585
-40939
-26221
-61578
-49683
-27332
34434
52410
-10652
-3164
66292
67859
-32890
-17929
82938
-90418
95906
47100
78952
-84278
-40243
9712
51240
-39704
-75702
-58753
-64981
24399
-75963
-57185
79995
-64999
-78406
23434
88941
75550
98739
-31850
11762
-87909
52462
-88270
6156
16766
-44323
-55809
-90019
-59568
-87738
-23992
16410
35839
47115
88608
-44705
15047
83972
29463
-87331
47805
-71224
53720
79918
-29128
26059
57698
69321
-59236
-85407
-46175
-93295
39428
25697
36968
-76088
37387
-87068
96078
-9248
-41928
55533
17634
92850
40323
84003
-61045
-14968
-92664
-82567
5441
-69228
36487
-88722
-66526
4228
2646
14320
-28110
82157
-51932
-30436
-51150
-86940
57834
6688
-8485
-724
-37776
4482
-87113
88585
-67656
8121
53469
30195
-77685
-62791
-61817
-40538
20127
23372
-37423
-7082
89058
-45924
22481
51648
82022
-12019
95821
-4644
37417
-47929
90013
84591
-56577
-51759
-92322
-60036
96606
55001
-8176
77274
6086
-46448
-50099
67937
1419
-39758
-91289
26878
14912
99619
-45284
9190
130
-43979
-81800
28136
69278
-78970
8
50714
97696
-55546
30198
-18891
74553
81623
-72378
-29379
87756
-85683
50156
41816
-17131
23125
49159
-1663
24822
53553
8894
-23724
71008
-7071
-32330
-71671
52442
61086
1453
-22146
21105
-42049
33910
-74516
-91203
3583
15441
80700
85323
-22634
78118
41778
-33684
-15613
62750
60615
-4007
84715
-67874
42645
-61695
-27941
-8287
51244
32433
28266
92721
48258
56159
-48326
-68350
-95098
81556
-2147
-7509
62485
35187
-52909
-28286
-20218
50409
-86926
-32750
-89888
26099
-85601
19324
-36181
45831
37560
-85017
63012
18016
-94572
-55899
-75510
4201
-4126
21924
-36843
24325
-51730
-7603
87366
-18567
84418
16444
50201
-96009
-22359
37597
93912
51848
46030
-9825
-26679
-25580
-59580
72152
93256
-26863
-99873
32181
70127
21190
32703
77660
-25167
37947
-84052
94432
-92858
-71809
89949
69536
82112
22549
27155
-30211
-44931
-92483
25378
-42379
81013
-71910
56336
-6687
70643
-64891
-57770
-45561
52961
49773
-46972
-32291
-71812
46696
-79232
47195
92134
-82085
-91730
-15237
-102
8834
39468
83344
60282
-9443
32244
-79680
-59772
50040
-2395
37856
-20189
8789
-52325
80298
-38110
-88585
-69766
87261
-87749
-31091
24074
62002
-26162
83706
97148
73462
35629
72765
-3957
91145
37972
-35134
-16322
34929
-6730
32516
-35318
46491
-50958
88221
81236
-23376
5284
-22869
-48685
7184
84696
28641
-85036
-93778
32090
-41689
-87977
-38520
17961
84655
11927
8193
-65335
49366
-40025
-70692
-40904
-1678
42168
55831
24120
95742
-16457
61602
-37493
-82337
-365
61242
92029
-45614
-12260
-25881
-93349
-43211
-11577
98702
-55999
38383
54350
-70732
90385
9980
-36684
-94768
-38912
32536
-40730
30154
-86198
71239
-92291
90070
5766
-13889
-38624
-33688
34004
-16077
-26809
-29293
-3470
-40834
-37670
-48446
-26130
-87064
24504
-12143
-45834
-80361
-33581
16777
54859
99028
59512
82998
27668
43129
-26068
42855
-37105
49333
23858
95746
-62750
-34372
-90582
-30591
18064
-93043
-63853
93453
-5497
58081
-93903
53877
-96491
25389
-77942
-52661
79931
34260
4554
-23653
-51302
76269
-23098
42121
-76406
-54420
-73443
-29242
98570
-5265
63547
-55505
72465
5927
19639
-48638
90947
64609
-95652
-61507
-44609
-25232
15877
-65003
90965
44857
-82014
-4529
-52011
50459
-12073
-96065
-25534
-30791
38211
-56421
-7642
-44187
-7267
34747
-94145
-39702
28475
26032
-25961
64694
79917
81662
-67471
-28702
-98874
-25801
-20769
70176
-45958
-74315
-75471
-15296
10275
-30797
-76920
-60833
27998
-60791
-96248
28908
-11118
-43518
-84116
-96104
60113
-50725
35123
-85286
-19690
81371
-62152
14236
22382
-39287
1887
48453
15860
-72241
57835
-47709
-50443
-86999
-81491
-8139
-83534
-53302
82007
-39981
-70653
12043
45551
-57925
-41192
-66352
55519
98937
-93093
11386
27497
5682
29169
-73342
-66249
14989
-38752
-19080
-96880
-6083
57162
-51239
-14233
-62993
-41448
77830
84622
77645
-90638
-37721
87368
-36819
85482
79131
26747
474
20408
40474
15620
-83971
12704
-15830
-12187
-31641
52016
71098
80473
-62595
14757
99743
-67704
88384
51310
29672
26454
-10633
-57400
-11040
21846
-84292
-11832
24735
84573
10465
-90441
-25715
-40783
-41859
1239
60661
-50465
-65514
-60348
25921
-58709
-77204
-48010
-90856
-46942
-3936
16611
79121
-19956
53631
-46463
-58606
60798
17840
90153
-8247
-53557
-85643
-73129
-92154
-79397
-51231
-54386
-83852
62419
-19497
-56104
-42893
-64652
-1862
-54037
-66157
-93056
-83338
14952
39470
-22698
83114
58685
53218
-68385
-68559
73769
-21463
-7199
-52916
21087
51479
54897
57901
-25596
-39376
-83131
15394
82003
-21340
-90905
15901
16672
-24919
97798
-56740
35194
-21262
-98137
-44935
-94935
-23535
-12423
-53360
-22058
46182
-28347
77832
-88566
-34941
-13244
92800
69007
-25122
45258
-46824
-33357
-55503
29217
13913
8874
-97422
-73551
-10174
-26605
65962
-54758
-82256
88787
-58315
-3164
12137
26782
-95147
-77426
-80699
-78188
36466
55619
65401
-77049
-93902
77802
-99391
-2405
-48207
4124
30633
71943
-99107
-66895
-8903
-3912
18801
4083
-76549
16852
-44852
-27084
-86806
34395
7085
55676
-4871
-41430
-42354
-82854
73661
-76838
3866
34971
-51849
-18043
-48885
64985
-45694
-74456
78820
52011
-49387
97572
82248
41210
-3018
-99297
14646
22835
-8772
22087
97826
81240
-57025
-69833
21232
-12495
72030
-48846
-26289
-16991
11436
73867
86640
28883
85367
-60505
-84190
-73261
60727
52827
-84404
70713
94992
-82897
80710
-51904
47876
-25212
11924
-76940
70072
-47407
-22977
74890
47649
70345
-54382
-48054
-62773
83033
-90514
1895
-69626
-44851
59723
-44625
95277
-24942
-80885
-30179
-43180
13782
-42308
-76340
-15859
-61428
-81621
7302
-92905
-46261
-32161
64891
74788
-51050
89529
-55795
11782
35767
-26138
-71800
-93899
-86780
-65922
23919
-74945
84739
21116
39793
-17779
14890
44378
-33925
78861
31551
44041
56359
-57215
-73698
18890
70098
-540
97753
75116
54986
54260
-55047
8674
12902
-88095
20387
57856
-64847
-19632
-26986
7442
-37954
-85620
53521
46553
-70113
-86262
75729
-51677
40880
66455
30136
95430
-75570
44000
34569
-8519
54758
45405
-57264
-49650
-47320
92124
-58273
51344
-84711
88422
-50126
-33291
-50040
-21169
24180
76544
24472
86623
79003
5174
10236
-65320
57582
-54854
14850
-20380
49703
-96121
85382
-83427
-27085
63690
-6137
61560
-42795
3354
-57386
29839
70955
21845
-58326
-98487
43529
-96040
44945
86056
39810
23770
-5951
22126
80965
45349
-80499
-17811
-3485
38387
-37389
-14742
-96850
-45023
-16623
-85843
-63875
-26286
-69640
-86360
-58675
96611
1241
48961
-10942
25414
-37668
9086
-97141
-91459
19216
48204
96867
-35851
78333
31660
-7821
-96835
1620
88635
-812
-73951
46856
-76004
-49613
-98905
15990
-66684
462
64229
-24705
-62303
48282
18429
-68298
57576
71175
93175
-80331
-36678
39707
46713
-96694
41522
46139
11173
90319
-60275
-92343
33871
76183
-81865
-97178
22682
12868
-6418
84952
-85266
-7946
-10411
-35577
50327
-3938
77207
82402
78909
25264
-49610
-27425
-72324
-17417
12911
87647
85856
23938
35148
-22481
9662
-196
-79994
83435
67889
-24550
7380
20669
-61648
-5203
-18156
-16381
45577
-77545
46229
-24113
58108
-17318
-75009
99463
21494
91148
-72289
8109
41641
-47321
-45293
12665
79364
-94660
-57073
91619
-62764
-35512
37385
-40579
-81289
-46625
23687
41852
-29192
84293
-34749
51991
57676
-63396
48119
50951
35496
30135
-86325
-10577
-44547
61964
33369
-21034
82705
-67320
-5159
-72753
-68485
-98243
-46802
3194
54587
-50057
27660
-33629
-64524
90220
-72636
67655
58310
-43823
22445
-28553
84812
-53687
26609
62806
66415
64120
-90895
-27971
36645
-14218
-62954
-15235
-44854
-22496
22773
-12604
-93863
80968
65822
-98152
-90105
-54324
85698
-97791
-27140
-27068
-16002
-26748
43759
60245
-15544
3721
-15780
53603
93172
26078
10021
15587
-80412
-37740
38403
77454
-13494
-98809
91111
-54095
-86949
-41540
-66511
20769
21651
42658
55563
68172
87518
-52805
-43420
-47125
99306
-83436
-65915
-13548
94215
96816
75793
87660
67511
80131
57757
-61318
44568
-2278
19753
-28970
-81301
10264
86139
-36288
-43648
-1510
93655
60237
-26176
75836
55581
45563
24599
-86155
13375
79334
-97988
41757
-12708
43412
-79010
-80368
-89538
-12373
16492
84202
-35475
13954
84417
66673
-50834
-33964
-24661
59667
69723
22225
-16362
-42428
14496
78414
67866
77385
37903
-10723
86558
15571
49441
-73288
51175
-51901
41930
-69609
38849
43212
-55816
-52767
-59896
17143
-49497
40255
-24813
-96321
-39773
-74229
77374
9308
-47268
-44505
56083
-17891
-4833
44139
47253
-17682
-15369
45430
-43928
-56966
-55713
-18843
-10336
-83031
96226
-28318
54372
-80118
-79023
-45676
958
-51251
-90207
-86220
19075
-54361
-88098
-99713
-79718
-40232
13648
-47225
11626
-34103
80681
93285
-83164
-81138
21927
67785
-47830
4492
-94388
-60878
-26982
-26572
42232
91641
82044
-41939
30752
-56825
-44476
-96880
53229
-51354
5251
-57139
-1037
37877
-71759
47851
59788
-84746
28239
-10196
25553
-4607
49980
47118
43956
86811
3990
57518
-40259
96162
-88245
54984
16927
6815
-27333
78617
92534
-25602
-9461
9957
-54560
-70119
-8183
-51244
16053
-47952
96439
-75976
10980
17141
94774
-42710
-56917
13124
-64687
-3182
-12494
18544
-94366
57540
-15163
-68679
-12827
14919
75629
-45031
87575
-98510
-40343
-37763
30346
46000
-9458
-39215
29064
-90142
-95368
-55692
74017
-17501
58220
-92725
80276
-28633
43724
-99855
50838
-55876
58869
-99636
-35007
44915
46969
50939
33436
-34472
-99404
92139
91267
-73572
88717
-72439
-99661
49940
-36981
-8238
13044
-12710
-46447
67974
37027
5905
44792
35195
96411
89159
91783
44685
-87744
69299
-25071
-33421
-44313
32477
-37396
-57491
23973
-9507
-37239
-20583
89843
-66693
75765
-99867
73915
25590
-30997
-38241
-39678
-37792
-99245
-6935
-81615
-4698
40603
83144
-94463
-18578
20401
49627
30402
-77415
-39718
54696
-89847
-82840
-54286
69714
7796
80826
-99584
-601
24347
-78157
-90891
44694
13909
-12295
38273
35645
96676
38104
4947
50593
75006
80197
51563
71607
7417
9920
-73507
7327
61138
-98222
89380
-35920
-53351
-9802
99552
-51410
-31619
3476
-59667
15192
57072
5480
54754
21854
-22602
92290
-71581
-62160
-47472
-21978
-50781
-74894
50303
-98669
93242
72652
4279
-63199
78687
-54435
-4830
56259
-15294
-54705
43085
-12244
76681
62981
-85773
-2737
-35228
93681
12772
-20738
-25201
-12733
33234
-86668
43364
51068
-62280
38638
-48870
-40671
-29913
51443
-69602
-21430
-39121
37365
-29364
-97190
93158
-48240
78218
-87095
40984
-41617
-1855
40988
-89781
34190
53625
85814
31085
-60007
-1392
43848
-24356
-97868
98647
-76059
-95214
-62636
86474
59888
1132
-7414
-983
45622
-73451
-53280
-30921
-10920
-73837
-3812
43278
-33055
-87378
85346
-73571
92726
-12168
-12043
-91072
38443
88318
82270
70330
81330
17865
-57883
-19054
-52562
78993
85500
19527
-3098
10431
-84932
59632
93077
-31394
-10298
-39883
-40226
-5923
-75701
26340
74332
-39805
-37720
30257
72599
-51024
-61079
85325
30484
83275
-71441
38497
-47484
47245
-44564
92711
-10724
5801
3466
-2075
-29948
3479
-47189
98567
-6295
-64964
-2484
-13543
-6675
-16008
78019
12638
26238
27211
-45465
84943
86532
48676
84366
-97101
-61260
90568
-97551
36439
4162
-88676
-45908
-29077
-39309
50639
2082
-80583
-13232
14182
-23170
15171
70518
-38747
-94252
-47945
79947
71959
63845
-73775
-15669
9211
-37119
-15283
-7104
-14133
50631
-30264
13584
-22039
-96760
-78861
93616
-83671
8266
-59982
28535
32437
78632
-53097
41485
71905
-73129
51317
-65982
-93876
90051
-31324
32443
82927
67543
-19631
8646
42117
43996
70463
-89969
-59689
-36615
81182
-99348
-41501
-78183
86534
-72621
-79832
26474
42704
-7509
93137
-37375
46289
19583
-77957
55770
94324
-25265
99365
-65859
35251
57153
75827
-32067
64178
-29451
8159
-54117
87672
72182
-96835
50567
-34678
-94901
55721
10694
-64730
34478
-23793
-63441
-64231
-45228
-15402
-5425
-43714
89835
-78166
93740
-96109
-67230
-65436
-17369
6329
96033
70488
57018
26760
14618
-66116
-48991
76172
-9865
-15504
21718
23393
50931
-78098
-57484
59494
-87291
-50480
13117
-52575
-41290
-45000
-31049
77231
3284
75231
-56399
77862
2495
38974
79011
31689
-34656
-14766
39091
-35097
-8838
25872
1684
-26288
76632
-18267
-70967
61685
-82522
85736
8264
-7333
-23012
-14177
-12487
99644
83349
41963
93789
-37062
-53954
-58863
77708
94848
83433
9061
70231
-16841
61697
61589
21708
-38878
-82472
78415
16791
-30441
-5283
-56688
88453
-43237
89193
-32502
2020
59736
62328
-43343
-81209
-24323
-93067
-24157
-34586
15219
18669
47986
84065
-89865
64422
68111
-52635
83416
-98807
-45612
54823
-62193
-37126
53485
-76530
66294
34376
-10524
-33875
-7961
-72128
25545
-3602
-89102
-38372
634
-47158
-14726
-35239
-41067
27124
75756
-68954
-83721
63189
79389
72184
-73937
69234
-74240
7674
90756
90731
-52736
76194
83615
-54435
31872
48607
66647
73958
-21395
-19794
88535
90056
70076
5516
12014
-12249
93317
19334
-43277
-58900
-73668
94956
-81709
90508
-80696
-14108
12345
-47069
26689
99482
76248
-38662
94219
6997
28824
-72857
39753
-14939
38810
-34860
-17984
71289
15210
40216
36170
-10419
25344
-70719
-72076
77696
-55053
44275
-48204
81219
47611
-19543
94154
-51154
23521
-12454
-95951
61805
-44603
59896
-3902
67351
41995
-7342
15654
38751
28836
-77606
98742
33443
92724
89280
64433
-23646
-38107
85244
-15335
39307
-80376
19307
